G14  -69.062  243.085  8083401.212
G13  61.255  168.035  -5370601.180
G20  34.970  279.013  -979691.382
G18  -7.763  254.987  13678.312
G16  -18.760  358.336  172160.664
G19  1.077  155.472  -2.435
G23  -34.284  30.438  1011981.728
G02  58.858  88.957  -4759320.261
G31  -40.326  301.769  1635614.242
G17  -19.029  149.514  179452.890
G12  4.578  221.264  -1589.484
G15  34.731  207.259  -959443.377
G29  43.030  302.658  -1841115.436
G07  6.190  55.388  -4347.271
G05  61.237  0.149  -5365618.315
G25  5.456  254.814  -2865.333
G01  -61.399  146.249  5696227.463
G24  -8.409  192.150  17131.335
G27  -50.382  353.645  3165061.784
G06  18.950  111.572  -149901.082
R14  0.234  75.085  2.124
R15  -3.261  112.430  1307.699
R19  49.219  151.209  -2768260.750
R20  70.409  331.279  -8183585.078
R01  -72.146  162.803  9206128.839
R06  32.633  249.985  -793530.361
R05  62.208  336.253  -5627242.886
R04  23.629  32.131  -295603.216
R21  17.654  330.793  -120428.949
